#-------------
# Parameters:
# mdm = 1.
# mmediator = 1000.
# tf = 1e-5
# trh = 100.
# ycoupling = 1e-10
#-------------
#-------------
# Summary
# TF=1e-05
# DM: T(osc)= None | T(decouple)= 100.0 | T(decay)= None | Omega h^2 (@TF) = 0.113472811107
# 
# Mediator: T(osc)= None | T(decouple)= None | T(decay)= 0.0475383532448 | Omega h^2 (@decay) = 5.53551558304e-29
# 
# Delta Neff (@TF) = 0.0
#-------------
#-------------
# Header:
#             R                      T (GeV)               n_{DM} (GeV^{3})        #rho_{DM} (GeV^{2})      n_{Mediator} (GeV^{3})  #rho_{Mediator} (GeV^{2})
        1.0000E+00                1.0000E+02                1.0901E-17                2.9445E-15                2.1794E+02                2.5433E+05       
        1.0000E+00                1.0000E+02                1.0954E-17                2.9757E-15                2.1794E+02                2.5433E+05       
        1.0000E+00                1.0000E+02                1.1008E-17                3.0069E-15                2.1794E+02                2.5433E+05       
        1.0000E+00                1.0000E+02                1.1062E-17                3.0381E-15                2.1794E+02                2.5433E+05       
        1.0000E+00                1.0000E+02                1.1190E-17                3.1130E-15                2.1794E+02                2.5433E+05       
        1.0000E+00                1.0000E+02                1.1318E-17                3.1879E-15                2.1794E+02                2.5433E+05       
        1.0000E+00                1.0000E+02                1.1447E-17                3.2630E-15                2.1794E+02                2.5433E+05       
        1.0000E+00                1.0000E+02                1.1709E-17                3.4161E-15                2.1794E+02                2.5433E+05       
        1.0000E+00                1.0000E+02                1.2181E-17                3.6913E-15                2.1794E+02                2.5433E+05       
        1.0000E+00                1.0000E+02                1.2652E-17                3.9666E-15                2.1794E+02                2.5433E+05       
        1.0000E+00                1.0000E+02                1.3123E-17                4.2419E-15                2.1794E+02                2.5433E+05       
        1.0000E+00                1.0000E+02                1.3750E-17                4.6074E-15                2.1794E+02                2.5433E+05       
        1.0000E+00                1.0000E+02                1.4375E-17                4.9726E-15                2.1794E+02                2.5433E+05       
        1.0000E+00                1.0000E+02                1.5001E-17                5.3377E-15                2.1794E+02                2.5433E+05       
        1.0000E+00                1.0000E+02                1.5993E-17                5.9164E-15                2.1794E+02                2.5433E+05       
        1.0000E+00                1.0000E+02                1.6986E-17                6.4949E-15                2.1794E+02                2.5433E+05       
        1.0000E+00                1.0000E+02                1.7978E-17                7.0736E-15                2.1794E+02                2.5433E+05       
        1.0000E+00                1.0000E+02                1.8970E-17                7.6524E-15                2.1794E+02                2.5433E+05       
        1.0000E+00                1.0000E+02                1.9962E-17                8.2313E-15                2.1794E+02                2.5433E+05       
        1.0000E+00                1.0000E+02                2.0955E-17                8.8103E-15                2.1794E+02                2.5433E+05       
        1.0000E+00                1.0000E+02                2.1947E-17                9.3893E-15                2.1794E+02                2.5433E+05       
        1.0000E+00                1.0000E+02                2.2940E-17                9.9683E-15                2.1794E+02                2.5433E+05       
        1.0000E+00                1.0000E+02                2.3932E-17                1.0547E-14                2.1794E+02                2.5433E+05       
        1.0000E+00                1.0000E+02                2.5628E-17                1.1537E-14                2.1794E+02                2.5433E+05       
        1.0000E+00                1.0000E+02                2.7324E-17                1.2526E-14                2.1794E+02                2.5433E+05       
        1.0000E+00                1.0000E+02                2.9019E-17                1.3515E-14                2.1794E+02                2.5433E+05       
        1.0000E+00                1.0000E+02                3.0715E-17                1.4505E-14                2.1794E+02                2.5433E+05       
        1.0000E+00                1.0000E+02                3.3574E-17                1.6173E-14                2.1794E+02                2.5433E+05       
        1.0000E+00                1.0000E+02                3.6433E-17                1.7842E-14                2.1794E+02                2.5433E+05       
        1.0000E+00                1.0000E+02                3.9291E-17                1.9511E-14                2.1794E+02                2.5433E+05       
        1.0000E+00                1.0000E+02                4.2150E-17                2.1179E-14                2.1794E+02                2.5433E+05       
        1.0000E+00                1.0000E+02                4.5007E-17                2.2847E-14                2.1794E+02                2.5433E+05       
        1.0000E+00                1.0000E+02                4.7865E-17                2.4514E-14                2.1794E+02                2.5433E+05       
        1.0000E+00                1.0000E+02                5.2632E-17                2.7297E-14                2.1794E+02                2.5433E+05       
        1.0000E+00                1.0000E+02                5.7402E-17                3.0081E-14                2.1794E+02                2.5433E+05       
        1.0000E+00                1.0000E+02                6.2171E-17                3.2864E-14                2.1794E+02                2.5433E+05       
        1.0000E+00                1.0000E+02                6.6939E-17                3.5647E-14                2.1794E+02                2.5433E+05       
        1.0000E+00                1.0000E+02                7.1707E-17                3.8429E-14                2.1794E+02                2.5433E+05       
        1.0000E+00                1.0000E+02                7.6473E-17                4.1210E-14                2.1794E+02                2.5433E+05       
        1.0000E+00                1.0000E+02                8.4597E-17                4.5951E-14                2.1794E+02                2.5433E+05       
        1.0000E+00                1.0000E+02                9.2723E-17                5.0694E-14                2.1794E+02                2.5433E+05       
        1.0000E+00                1.0000E+02                1.0085E-16                5.5437E-14                2.1794E+02                2.5433E+05       
        1.0000E+00                1.0000E+02                1.1352E-16                6.2830E-14                2.1794E+02                2.5433E+05       
        1.0000E+00                1.0000E+02                1.2619E-16                7.0228E-14                2.1794E+02                2.5433E+05       
        1.0000E+00                1.0000E+02                1.3886E-16                7.7623E-14                2.1794E+02                2.5433E+05       
        1.0000E+00                1.0000E+02                1.5151E-16                8.5006E-14                2.1794E+02                2.5433E+05       
        1.0000E+00                1.0000E+02                1.6415E-16                9.2383E-14                2.1794E+02                2.5433E+05       
        1.0000E+00                1.0000E+02                1.7680E-16                9.9762E-14                2.1794E+02                2.5433E+05       
        1.0000E+00                1.0000E+02                2.0077E-16                1.1375E-13                2.1794E+02                2.5433E+05       
        1.0000E+00                1.0000E+02                2.3338E-16                1.3279E-13                2.1794E+02                2.5433E+05       
        1.0000E+00                1.0000E+02                2.6608E-16                1.5190E-13                2.1794E+02                2.5433E+05       
        1.0000E+00                1.0000E+02                2.9872E-16                1.7096E-13                2.1794E+02                2.5433E+05       
        1.0000E+00                1.0000E+02                3.3125E-16                1.8994E-13                2.1794E+02                2.5433E+05       
        1.0000E+00                1.0000E+02                3.8363E-16                2.2050E-13                2.1794E+02                2.5433E+05       
        1.0000E+00                1.0000E+02                4.3586E-16                2.5097E-13                2.1794E+02                2.5433E+05       
        1.0000E+00                1.0000E+02                4.8813E-16                2.8145E-13                2.1794E+02                2.5433E+05       
        1.0000E+00                1.0000E+02                5.4047E-16                3.1198E-13                2.1794E+02                2.5433E+05       
        1.0000E+00                1.0000E+02                5.9287E-16                3.4256E-13                2.1794E+02                2.5433E+05       
        1.0000E+00                1.0000E+02                6.4532E-16                3.7316E-13                2.1794E+02                2.5433E+05       
        1.0000E+00                1.0000E+02                7.2897E-16                4.2197E-13                2.1794E+02                2.5433E+05       
        1.0000E+00                1.0000E+02                8.1257E-16                4.7075E-13                2.1794E+02                2.5433E+05       
        1.0000E+00                1.0000E+02                1.0839E-15                6.2893E-13                2.1794E+02                2.5433E+05       
        1.0000E+00                1.0000E+02                1.2461E-15                7.2357E-13                2.1794E+02                2.5433E+05       
        1.0000E+00                1.0000E+02                1.4122E-15                8.2047E-13                2.1794E+02                2.5433E+05       
        1.0000E+00                1.0000E+02                1.5796E-15                9.1815E-13                2.1794E+02                2.5433E+05       
        1.0000E+00                1.0000E+02                1.7461E-15                1.0153E-12                2.1794E+02                2.5433E+05       
        1.0000E+00                1.0000E+02                2.0466E-15                1.1907E-12                2.1794E+02                2.5433E+05       
        1.0000E+00                1.0000E+02                2.3456E-15                1.3652E-12                2.1794E+02                2.5433E+05       
        1.0000E+00                1.0000E+02                2.8661E-15                1.6688E-12                2.1794E+02                2.5433E+05       
        1.0000E+00                1.0000E+02                3.3845E-15                1.9712E-12                2.1794E+02                2.5433E+05       
        1.0000E+00                1.0000E+02                4.1621E-15                2.4249E-12                2.1794E+02                2.5433E+05       
        1.0000E+00                1.0000E+02                4.9475E-15                2.8831E-12                2.1794E+02                2.5433E+05       
        1.0000E+00                1.0000E+02                5.7449E-15                3.3483E-12                2.1794E+02                2.5433E+05       
        1.0000E+00                1.0000E+02                6.5474E-15                3.8166E-12                2.1794E+02                2.5433E+05       
        1.0000E+00                1.0000E+02                7.3478E-15                4.2837E-12                2.1794E+02                2.5433E+05       
        1.0000E+00                1.0000E+02                8.7934E-15                5.1272E-12                2.1794E+02                2.5433E+05       
        1.0000E+00                1.0000E+02                1.0230E-14                5.9654E-12                2.1794E+02                2.5433E+05       
        1.0000E+00                1.0000E+02                1.2485E-14                7.2812E-12                2.1794E+02                2.5433E+05       
        1.0000E+00                1.0000E+02                1.4733E-14                8.5927E-12                2.1794E+02                2.5433E+05       
        1.0000E+00                1.0000E+02                1.9055E-14                1.1114E-11                2.1794E+02                2.5433E+05       
        1.0000E+00                1.0000E+02                2.3310E-14                1.3597E-11                2.1794E+02                2.5433E+05       
        1.0000E+00                1.0000E+02                2.7698E-14                1.6157E-11                2.1794E+02                2.5433E+05       
        1.0000E+00                1.0000E+02                3.2250E-14                1.8813E-11                2.1794E+02                2.5433E+05       
        1.0000E+00                1.0000E+02                3.6857E-14                2.1501E-11                2.1794E+02                2.5433E+05       
        1.0000E+00                1.0000E+02                4.1428E-14                2.4169E-11                2.1794E+02                2.5433E+05       
        1.0000E+00                1.0000E+02                4.5956E-14                2.6810E-11                2.1794E+02                2.5433E+05       
        1.0000E+00                1.0000E+02                5.4322E-14                3.1692E-11                2.1794E+02                2.5433E+05       
        1.0000E+00                1.0000E+02                6.2639E-14                3.6544E-11                2.1794E+02                2.5433E+05       
        1.0000E+00                1.0000E+02                7.1047E-14                4.1450E-11                2.1794E+02                2.5433E+05       
        1.0000E+00                1.0000E+02                7.9554E-14                4.6414E-11                2.1794E+02                2.5433E+05       
        1.0000E+00                1.0000E+02                9.4592E-14                5.5189E-11                2.1794E+02                2.5433E+05       
        1.0000E+00                1.0000E+02                1.0979E-13                6.4056E-11                2.1794E+02                2.5433E+05       
        1.0000E+00                1.0000E+02                1.2483E-13                7.2832E-11                2.1794E+02                2.5433E+05       
        1.0000E+00                1.0000E+02                1.3963E-13                8.1470E-11                2.1794E+02                2.5433E+05       
        1.0000E+00                1.0000E+02                1.6842E-13                9.8270E-11                2.1794E+02                2.5433E+05       
        1.0000E+00                1.0000E+02                1.9699E-13                1.1494E-10                2.1794E+02                2.5433E+05       
        1.0000E+00                1.0000E+02                2.2571E-13                1.3170E-10                2.1794E+02                2.5433E+05       
        1.0000E+00                1.0000E+02                2.5464E-13                1.4858E-10                2.1794E+02                2.5433E+05       
        1.0000E+00                1.0000E+02                2.8371E-13                1.6554E-10                2.1794E+02                2.5433E+05       
        1.0000E+00                1.0000E+02                3.3210E-13                1.9377E-10                2.1794E+02                2.5433E+05       
        1.0000E+00                1.0000E+02                4.0481E-13                2.3620E-10                2.1794E+02                2.5433E+05       
        1.0000E+00                1.0000E+02                4.7726E-13                2.7847E-10                2.1794E+02                2.5433E+05       
        1.0000E+00                1.0000E+02                6.0968E-13                3.5574E-10                2.1794E+02                2.5434E+05       
        1.0000E+00                1.0000E+02                7.4160E-13                4.3271E-10                2.1794E+02                2.5434E+05       
        1.0000E+00                1.0000E+02                8.7664E-13                5.1151E-10                2.1794E+02                2.5434E+05       
        1.0000E+00                1.0000E+02                1.0147E-12                5.9205E-10                2.1794E+02                2.5434E+05       
        1.0000E+00                1.0000E+02                1.2585E-12                7.3431E-10                2.1794E+02                2.5434E+05       
        1.0000E+00                1.0000E+02                1.5076E-12                8.7967E-10                2.1794E+02                2.5434E+05       
        1.0000E+00                1.0000E+02                1.7512E-12                1.0218E-09                2.1794E+02                2.5434E+05       
        1.0000E+00                1.0000E+02                1.9865E-12                1.1591E-09                2.1794E+02                2.5434E+05       
        1.0000E+00                1.0000E+02                2.2180E-12                1.2942E-09                2.1794E+02                2.5434E+05       
        1.0000E+00                1.0000E+02                2.6940E-12                1.5719E-09                2.1795E+02                2.5434E+05       
        1.0000E+00                1.0000E+02                3.1669E-12                1.8479E-09                2.1795E+02                2.5434E+05       
        1.0000E+00                1.0000E+02                3.6484E-12                2.1288E-09                2.1795E+02                2.5434E+05       
        1.0000E+00                1.0000E+02                4.1377E-12                2.4143E-09                2.1795E+02                2.5434E+05       
        1.0000E+00                1.0000E+02                4.6310E-12                2.7022E-09                2.1795E+02                2.5434E+05       
        1.0000E+00                1.0000E+02                5.4472E-12                3.1784E-09                2.1795E+02                2.5435E+05       
        1.0000E+00                1.0000E+02                6.9356E-12                4.0469E-09                2.1795E+02                2.5435E+05       
        1.0000E+00                1.0000E+02                8.4081E-12                4.9061E-09                2.1796E+02                2.5435E+05       
        1.0000E+00                1.0000E+02                9.8863E-12                5.7686E-09                2.1796E+02                2.5435E+05       
        1.0000E+00                1.0000E+02                1.1378E-11                6.6389E-09                2.1796E+02                2.5436E+05       
        1.0000E+00                1.0000E+02                1.2879E-11                7.5151E-09                2.1796E+02                2.5436E+05       
        1.0000E+00                1.0000E+02                1.4386E-11                8.3943E-09                2.1796E+02                2.5436E+05       
        1.0000E+00                1.0000E+02                1.7013E-11                9.9270E-09                2.1797E+02                2.5436E+05       
        1.0000E+00                1.0000E+02                1.9634E-11                1.1456E-08                2.1797E+02                2.5437E+05       
        1.0000E+00                1.0000E+02                2.7947E-11                1.6307E-08                2.1798E+02                2.5438E+05       
        1.0000E+00                1.0000E+02                3.2965E-11                1.9235E-08                2.1798E+02                2.5438E+05       
        1.0000E+00                1.0000E+02                3.8321E-11                2.2360E-08                2.1798E+02                2.5438E+05       
        1.0000E+00                1.0000E+02                4.3814E-11                2.5565E-08                2.1798E+02                2.5438E+05       
        1.0000E+00                1.0000E+02                4.9248E-11                2.8736E-08                2.1799E+02                2.5439E+05       
        1.0000E+00                1.0000E+02                5.8872E-11                3.4351E-08                2.1799E+02                2.5439E+05       
        1.0000E+00                1.0000E+02                6.8397E-11                3.9909E-08                2.1799E+02                2.5439E+05       
        1.0000E+00                1.0000E+02                9.1764E-11                5.3544E-08                2.1799E+02                2.5439E+05       
        1.0000E+00                1.0000E+02                1.1431E-10                6.6699E-08                2.1799E+02                2.5439E+05       
        1.0000E+00                1.0000E+02                1.3741E-10                8.0180E-08                2.1799E+02                2.5439E+05       
        1.0000E+00                1.0000E+02                1.6134E-10                9.4142E-08                2.1799E+02                2.5439E+05       
        1.0000E+00                1.0000E+02                1.8578E-10                1.0840E-07                2.1799E+02                2.5439E+05       
        1.0000E+00                1.0000E+02                2.1041E-10                1.2277E-07                2.1799E+02                2.5439E+05       
        1.0000E+00                1.0000E+02                2.5712E-10                1.5003E-07                2.1799E+02                2.5440E+05       
        1.0000E+00                1.0000E+02                3.5921E-10                2.0960E-07                2.1799E+02                2.5440E+05       
        1.0000E+00                1.0000E+02                4.5699E-10                2.6665E-07                2.1799E+02                2.5439E+05       
        1.0000E+00                1.0000E+02                5.5658E-10                3.2476E-07                2.1798E+02                2.5438E+05       
        1.0000E+00                1.0000E+02                6.5982E-10                3.8500E-07                2.1799E+02                2.5439E+05       
        1.0000E+00                1.0000E+02                7.6561E-10                4.4673E-07                2.1799E+02                2.5439E+05       
        1.0000E+00                1.0000E+02                8.7254E-10                5.0912E-07                2.1801E+02                2.5442E+05       
        1.0000E+00                1.0000E+02                1.0490E-09                6.1208E-07                2.1800E+02                2.5440E+05       
        1.0000E+00                1.0000E+02                1.3522E-09                7.8902E-07                2.1799E+02                2.5439E+05       
        1.0000E+00                1.0000E+02                1.6515E-09                9.6361E-07                2.1799E+02                2.5439E+05       
        1.0000E+00                1.0000E+02                1.9522E-09                1.1391E-06                2.1798E+02                2.5438E+05       
        1.0000E+00                1.0000E+02                2.2564E-09                1.3166E-06                2.1799E+02                2.5439E+05       
        1.0000E+00                1.0000E+02                2.5630E-09                1.4955E-06                2.1799E+02                2.5439E+05       
        1.0000E+00                1.0000E+02                2.8709E-09                1.6751E-06                2.1799E+02                2.5439E+05       
        1.0000E+00                1.0000E+02                3.3940E-09                1.9804E-06                2.1799E+02                2.5439E+05       
        1.0000E+00                1.0000E+02                3.9161E-09                2.2850E-06                2.1799E+02                2.5439E+05       
        1.0000E+00                1.0000E+02                5.4061E-09                3.1544E-06                2.1799E+02                2.5439E+05       
        1.0000E+00                1.0000E+02                6.3989E-09                3.7337E-06                2.1799E+02                2.5439E+05       
        1.0000E+00                1.0000E+02                7.4400E-09                4.3412E-06                2.1799E+02                2.5439E+05       
        1.0000E+00                1.0000E+02                8.5054E-09                4.9629E-06                2.1799E+02                2.5439E+05       
        1.0000E+00                1.0000E+02                9.5649E-09                5.5811E-06                2.1799E+02                2.5439E+05       
        1.0000E+00                1.0000E+02                1.2121E-08                7.0728E-06                2.1799E+02                2.5439E+05       
        1.0000E+00                1.0000E+02                1.4645E-08                8.5454E-06                2.1798E+02                2.5439E+05       
        1.0000E+00                1.0000E+02                1.7141E-08                1.0002E-05                2.1798E+02                2.5438E+05       
        1.0000E+00                1.0000E+02                1.9632E-08                1.1455E-05                2.1798E+02                2.5438E+05       
        1.0000E+00                1.0000E+02                2.2129E-08                1.2912E-05                2.1798E+02                2.5438E+05       
        1.0000E+00                1.0000E+02                2.4634E-08                1.4374E-05                2.1798E+02                2.5438E+05       
        1.0000E+00                9.9999E+01                2.8624E-08                1.6702E-05                2.1798E+02                2.5438E+05       
        1.0000E+00                9.9999E+01                3.2611E-08                1.9028E-05                2.1798E+02                2.5438E+05       
        1.0000E+00                9.9999E+01                3.9428E-08                2.3006E-05                2.1797E+02                2.5437E+05       
        1.0000E+00                9.9999E+01                4.6247E-08                2.6985E-05                2.1797E+02                2.5437E+05       
        1.0000E+00                9.9999E+01                5.3120E-08                3.0995E-05                2.1797E+02                2.5436E+05       
        1.0000E+00                9.9999E+01                6.0036E-08                3.5030E-05                2.1796E+02                2.5436E+05       
        1.0000E+00                9.9999E+01                7.2371E-08                4.2227E-05                2.1796E+02                2.5435E+05       
        1.0000E+00                9.9998E+01                9.3490E-08                5.4550E-05                2.1795E+02                2.5434E+05       
        1.0000E+00                9.9998E+01                1.0656E-07                6.2177E-05                2.1794E+02                2.5434E+05       
        1.0000E+00                9.9998E+01                1.1808E-07                6.8897E-05                2.1794E+02                2.5433E+05       
        1.0000E+00                9.9998E+01                1.2916E-07                7.5364E-05                2.1793E+02                2.5432E+05       
        1.0000E+00                9.9997E+01                1.4093E-07                8.2230E-05                2.1793E+02                2.5432E+05       
        1.0000E+00                9.9997E+01                1.5322E-07                8.9401E-05                2.1792E+02                2.5431E+05       
        1.0000E+00                9.9997E+01                1.6532E-07                9.6459E-05                2.1792E+02                2.5430E+05       
        1.0000E+00                9.9997E+01                1.7701E-07                1.0328E-04                2.1791E+02                2.5430E+05       
        1.0000E+00                9.9996E+01                1.9535E-07                1.1398E-04                2.1790E+02                2.5429E+05       
        1.0000E+00                9.9996E+01                2.1206E-07                1.2373E-04                2.1789E+02                2.5428E+05       
        1.0000E+00                9.9996E+01                2.2913E-07                1.3369E-04                2.1788E+02                2.5426E+05       
        1.0000E+00                9.9995E+01                2.4820E-07                1.4482E-04                2.1787E+02                2.5425E+05       
        1.0001E+00                9.9995E+01                2.6872E-07                1.5679E-04                2.1786E+02                2.5424E+05       
        1.0001E+00                9.9995E+01                2.8918E-07                1.6873E-04                2.1786E+02                2.5423E+05       
        1.0001E+00                9.9994E+01                3.0897E-07                1.8028E-04                2.1785E+02                2.5422E+05       
        1.0001E+00                9.9994E+01                3.4376E-07                2.0057E-04                2.1783E+02                2.5420E+05       
        1.0001E+00                9.9993E+01                3.6784E-07                2.1462E-04                2.1781E+02                2.5418E+05       
        1.0001E+00                9.9993E+01                3.9617E-07                2.3115E-04                2.1780E+02                2.5417E+05       
        1.0001E+00                9.9992E+01                4.2651E-07                2.4885E-04                2.1779E+02                2.5415E+05       
        1.0001E+00                9.9992E+01                4.5558E-07                2.6581E-04                2.1778E+02                2.5414E+05       
        1.0001E+00                9.9991E+01                4.8306E-07                2.8185E-04                2.1776E+02                2.5412E+05       
        1.0001E+00                9.9990E+01                5.1064E-07                2.9794E-04                2.1775E+02                2.5410E+05       
        1.0001E+00                9.9990E+01                5.3918E-07                3.1459E-04                2.1774E+02                2.5409E+05       
        1.0001E+00                9.9989E+01                5.8568E-07                3.4172E-04                2.1772E+02                2.5406E+05       
        1.0001E+00                9.9988E+01                6.3395E-07                3.6988E-04                2.1770E+02                2.5404E+05       
        1.0001E+00                9.9988E+01                6.8079E-07                3.9721E-04                2.1768E+02                2.5402E+05       
        1.0001E+00                9.9987E+01                7.2489E-07                4.2294E-04                2.1766E+02                2.5399E+05       
        1.0001E+00                9.9986E+01                7.6776E-07                4.4795E-04                2.1764E+02                2.5397E+05       
        1.0001E+00                9.9985E+01                8.1118E-07                4.7327E-04                2.1762E+02                2.5394E+05       
        1.0002E+00                9.9984E+01                8.5529E-07                4.9901E-04                2.1760E+02                2.5392E+05       
        1.0002E+00                9.9983E+01                9.2459E-07                5.3944E-04                2.1756E+02                2.5388E+05       
        1.0002E+00                9.9982E+01                9.9468E-07                5.8032E-04                2.1753E+02                2.5385E+05       
        1.0002E+00                9.9981E+01                1.0639E-06                6.2070E-04                2.1750E+02                2.5381E+05       
        1.0002E+00                9.9980E+01                1.1315E-06                6.6015E-04                2.1747E+02                2.5377E+05       
        1.0002E+00                9.9978E+01                1.1984E-06                6.9914E-04                2.1744E+02                2.5374E+05       
        1.0003E+00                9.9975E+01                1.3665E-06                7.9724E-04                2.1736E+02                2.5364E+05       
        1.0003E+00                9.9972E+01                1.5252E-06                8.8978E-04                2.1728E+02                2.5354E+05       
        1.0003E+00                9.9969E+01                1.6874E-06                9.8438E-04                2.1720E+02                2.5344E+05       
        1.0003E+00                9.9966E+01                1.8596E-06                1.0848E-03                2.1711E+02                2.5335E+05       
        1.0004E+00                9.9962E+01                2.0379E-06                1.1888E-03                2.1703E+02                2.5325E+05       
        1.0004E+00                9.9957E+01                2.3675E-06                1.3811E-03                2.1689E+02                2.5308E+05       
        1.0005E+00                9.9951E+01                2.7016E-06                1.5759E-03                2.1674E+02                2.5291E+05       
        1.0006E+00                9.9942E+01                3.3056E-06                1.9281E-03                2.1651E+02                2.5263E+05       
        1.0007E+00                9.9936E+01                3.6791E-06                2.1458E-03                2.1636E+02                2.5244E+05       
        1.0007E+00                9.9930E+01                4.0027E-06                2.3345E-03                2.1620E+02                2.5226E+05       
        1.0008E+00                9.9923E+01                4.3125E-06                2.5151E-03                2.1605E+02                2.5208E+05       
        1.0008E+00                9.9917E+01                4.6417E-06                2.7070E-03                2.1590E+02                2.5189E+05       
        1.0009E+00                9.9911E+01                4.9856E-06                2.9074E-03                2.1574E+02                2.5171E+05       
        1.0010E+00                9.9905E+01                5.3238E-06                3.1045E-03                2.1559E+02                2.5153E+05       
        1.0010E+00                9.9899E+01                5.6504E-06                3.2949E-03                2.1544E+02                2.5135E+05       
        1.0011E+00                9.9889E+01                6.1779E-06                3.6022E-03                2.1517E+02                2.5103E+05       
        1.0012E+00                9.9878E+01                6.6412E-06                3.8721E-03                2.1490E+02                2.5071E+05       
        1.0013E+00                9.9867E+01                7.1092E-06                4.1447E-03                2.1463E+02                2.5038E+05       
        1.0015E+00                9.9856E+01                7.6481E-06                4.4585E-03                2.1436E+02                2.5006E+05       
        1.0016E+00                9.9846E+01                8.2388E-06                4.8025E-03                2.1410E+02                2.4974E+05       
        1.0017E+00                9.9830E+01                9.1893E-06                5.3561E-03                2.1369E+02                2.4926E+05       
        1.0019E+00                9.9814E+01                1.0166E-05                5.9248E-03                2.1329E+02                2.4878E+05       
        1.0021E+00                9.9797E+01                1.1107E-05                6.4726E-03                2.1289E+02                2.4831E+05       
        1.0022E+00                9.9781E+01                1.1990E-05                6.9861E-03                2.1249E+02                2.4783E+05       
        1.0024E+00                9.9765E+01                1.2843E-05                7.4826E-03                2.1209E+02                2.4735E+05       
        1.0027E+00                9.9734E+01                1.4412E-05                8.3948E-03                2.1132E+02                2.4644E+05       
        1.0030E+00                9.9704E+01                1.5949E-05                9.2886E-03                2.1056E+02                2.4553E+05       
        1.0033E+00                9.9673E+01                1.7527E-05                1.0206E-02                2.0980E+02                2.4462E+05       
        1.0036E+00                9.9642E+01                1.9154E-05                1.1151E-02                2.0904E+02                2.4372E+05       
        1.0039E+00                9.9611E+01                2.0795E-05                1.2104E-02                2.0829E+02                2.4282E+05       
        1.0044E+00                9.9562E+01                2.3395E-05                1.3613E-02                2.0709E+02                2.4140E+05       
        1.0049E+00                9.9514E+01                2.5965E-05                1.5103E-02                2.0591E+02                2.3998E+05       
        1.0054E+00                9.9465E+01                2.8499E-05                1.6572E-02                2.0473E+02                2.3858E+05       
        1.0063E+00                9.9381E+01                3.2790E-05                1.9057E-02                2.0271E+02                2.3618E+05       
        1.0078E+00                9.9234E+01                4.0060E-05                2.3260E-02                1.9922E+02                2.3201E+05       
        1.0093E+00                9.9086E+01                4.7148E-05                2.7350E-02                1.9577E+02                2.2791E+05       
        1.0116E+00                9.8862E+01                5.7646E-05                3.3392E-02                1.9061E+02                2.2177E+05       
        1.0139E+00                9.8638E+01                6.7982E-05                3.9322E-02                1.8557E+02                2.1578E+05       
        1.0162E+00                9.8413E+01                7.8251E-05                4.5196E-02                1.8064E+02                2.0993E+05       
        1.0185E+00                9.8189E+01                8.8327E-05                5.0942E-02                1.7583E+02                2.0421E+05       
        1.0208E+00                9.7965E+01                9.8080E-05                5.6485E-02                1.7112E+02                1.9863E+05       
        1.0249E+00                9.7574E+01                1.1442E-04                6.5727E-02                1.6318E+02                1.8922E+05       
        1.0290E+00                9.7189E+01                1.2978E-04                7.4358E-02                1.5565E+02                1.8031E+05       
        1.0358E+00                9.6553E+01                1.5295E-04                8.7257E-02                1.4387E+02                1.6638E+05       
        1.0426E+00                9.5916E+01                1.7392E-04                9.8792E-02                1.3284E+02                1.5338E+05       
        1.0495E+00                9.5285E+01                1.9315E-04                1.0924E-01                1.2262E+02                1.4135E+05       
        1.0564E+00                9.4663E+01                2.1077E-04                1.1869E-01                1.1321E+02                1.3029E+05       
        1.0634E+00                9.4041E+01                2.2683E-04                1.2717E-01                1.0443E+02                1.1999E+05       
        1.0705E+00                9.3419E+01                2.4131E-04                1.3468E-01                9.6223E+01                1.1039E+05       
        1.0823E+00                9.2405E+01                2.6209E-04                1.4519E-01                8.4019E+01                9.6136E+04       
        1.0942E+00                9.1393E+01                2.7910E-04                1.5345E-01                7.3180E+01                8.3519E+04       
        1.1063E+00                9.0399E+01                2.9286E-04                1.5978E-01                6.3723E+01                7.2544E+04       
        1.1185E+00                8.9410E+01                3.0373E-04                1.6443E-01                5.5365E+01                6.2873E+04       
        1.1308E+00                8.8437E+01                3.1200E-04                1.6758E-01                4.8076E+01                5.4463E+04       
        1.1433E+00                8.7470E+01                3.1801E-04                1.6945E-01                4.1665E+01                4.7087E+04       
        1.1632E+00                8.5975E+01                3.2377E-04                1.7033E-01                3.3198E+01                3.7381E+04       
        1.1835E+00                8.4503E+01                3.2555E-04                1.6905E-01                2.6349E+01                2.9563E+04       
        1.2041E+00                8.3054E+01                3.2404E-04                1.6605E-01                2.0832E+01                2.3291E+04       
        1.2442E+00                8.0379E+01                3.1455E-04                1.5705E-01                1.3223E+01                1.4690E+04       
        1.2857E+00                7.7782E+01                2.9893E-04                1.4529E-01                8.2718E+00                9.1343E+03       
        1.3285E+00                7.5275E+01                2.8003E-04                1.3237E-01                5.1103E+00                5.6110E+03       
        1.3728E+00                7.2846E+01                2.5974E-04                1.1930E-01                3.1105E+00                3.3968E+03       
        1.4186E+00                7.0495E+01                2.3924E-04                1.0670E-01                1.8659E+00                2.0271E+03       
        1.4659E+00                6.8223E+01                2.1930E-04                9.4910E-02                1.1030E+00                1.1925E+03       
        1.5650E+00                6.3902E+01                1.8244E-04                7.4229E-02                3.6831E-01                3.9467E+02       
        1.6708E+00                5.9854E+01                1.5067E-04                5.7539E-02                1.1504E-01                1.2230E+02       
        1.7838E+00                5.6062E+01                1.2406E-04                4.4422E-02                3.3459E-02                3.5318E+01       
        1.9044E+00                5.2510E+01                1.0203E-04                3.4233E-02                9.0211E-03                9.4622E+00       
        2.0332E+00                4.9186E+01                8.3868E-05                2.6361E-02                2.2476E-03                2.3443E+00       
        2.1707E+00                4.6071E+01                6.8926E-05                2.0294E-02                5.1568E-04                5.3520E-01       
        2.3175E+00                4.3154E+01                5.6643E-05                1.5621E-02                1.1008E-04                1.1374E-01       
        2.4742E+00                4.0420E+01                4.6548E-05                1.2024E-02                2.3363E-05                2.4047E-02       
        2.5696E+00                3.8917E+01                4.1553E-05                1.0335E-02                1.0171E-05                1.0447E-02       
        2.6687E+00                3.7474E+01                3.7095E-05                8.8838E-03                4.9632E-06                5.0884E-03       
        2.7681E+00                3.6128E+01                3.3239E-05                7.6746E-03                2.8257E-06                2.8920E-03       
        2.8712E+00                3.4830E+01                2.9785E-05                6.6299E-03                1.8062E-06                1.8457E-03       
        2.9782E+00                3.3579E+01                2.6689E-05                5.7274E-03                1.2589E-06                1.2845E-03       
        3.0892E+00                3.2371E+01                2.3915E-05                4.9478E-03                9.2973E-07                9.4729E-04       
        3.3411E+00                2.9932E+01                1.8903E-05                3.6159E-03                5.5168E-07                5.6060E-04       
        3.5022E+00                2.8555E+01                1.6412E-05                2.9950E-03                4.1834E-07                4.2450E-04       
        3.6712E+00                2.7241E+01                1.4249E-05                2.4807E-03                3.2303E-07                3.2737E-04       
        3.8482E+00                2.5988E+01                1.2371E-05                2.0547E-03                2.5335E-07                2.5644E-04       
        4.1304E+00                2.4212E+01                1.0005E-05                1.5481E-03                1.8013E-07                1.8204E-04       
        4.7387E+00                2.1104E+01                6.6256E-06                8.9368E-04                9.8727E-08                9.9525E-05       
        5.5981E+00                1.7864E+01                4.0187E-06                4.5893E-04                5.1026E-08                5.1323E-05       
        6.6133E+00                1.5121E+01                2.4374E-06                2.3568E-04                2.7489E-08                2.7605E-05       
        7.8127E+00                1.2800E+01                1.4784E-06                1.2101E-04                1.5167E-08                1.5212E-05       
        9.2297E+00                1.0835E+01                8.9669E-07                6.2129E-05                8.5254E-09                8.5439E-06       
        1.0904E+01                9.1718E+00                5.4387E-07                3.1896E-05                4.8710E-09                4.8786E-06       
        1.2881E+01                7.7634E+00                3.2988E-07                1.6376E-05                2.8187E-09                2.8218E-06       
        1.5217E+01                6.5718E+00                2.0008E-07                8.4082E-06                1.6454E-09                1.6467E-06       
        1.7977E+01                5.5631E+00                1.2136E-07                4.3174E-06                9.6641E-10                9.6696E-07       
        2.1237E+01                4.7090E+00                7.3608E-08                2.2171E-06                5.7032E-10                5.7055E-07       
        2.5089E+01                3.9859E+00                4.4646E-08                1.1387E-06                3.3784E-10                3.3793E-07       
        2.9639E+01                3.3741E+00                2.7080E-08                5.8493E-07                2.0066E-10                2.0071E-07       
        3.5014E+01                2.8562E+00                1.6426E-08                3.0058E-07                1.1937E-10                1.1939E-07       
        4.1364E+01                2.4177E+00                9.9631E-09                1.5455E-07                7.1036E-11                7.1044E-08       
        4.8866E+01                2.0464E+00                6.0434E-09                7.9544E-08                4.2239E-11                4.2242E-08       
        5.7729E+01                1.7323E+00                3.6658E-09                4.1022E-08                2.5061E-11                2.5062E-08       
        6.8198E+01                1.4664E+00                2.2237E-09                2.1231E-08                1.4809E-11                1.4809E-08       
        8.0567E+01                1.2413E+00                1.3490E-09                1.1043E-08                8.6948E-12                8.6950E-09       
        9.5179E+01                1.0507E+00                8.1840E-10                5.7831E-09                5.0561E-12                5.0562E-09       
        1.1244E+02                8.8938E-01                4.9654E-10                3.0572E-09                2.8993E-12                2.8993E-09       
        1.3283E+02                7.5287E-01                3.0129E-10                1.6376E-09                1.6296E-12                1.6296E-09       
        1.5692E+02                6.3730E-01                1.8284E-10                8.9227E-10                8.9041E-13                8.9042E-10       
        1.8538E+02                5.3945E-01                1.1097E-10                4.9591E-10                4.6749E-13                4.6749E-10       
        2.1900E+02                4.5662E-01                6.7357E-11                2.8121E-10                2.3208E-13                2.3208E-10       
        2.5872E+02                3.8654E-01                4.0888E-11                1.6202E-10                1.0652E-13                1.0652E-10       
        3.0564E+02                3.2720E-01                2.4821E-11                9.3972E-11                4.3813E-14                4.3813E-11       
        3.6108E+02                2.7696E-01                1.5066E-11                5.4161E-11                1.5466E-14                1.5466E-11       
        4.2656E+02                2.3443E-01                9.1428E-12                3.0625E-11                4.4095E-15                4.4096E-12       
        5.0392E+02                1.9845E-01                5.5472E-12                1.6872E-11                9.3287E-16                9.3287E-13       
        5.9531E+02                1.6799E-01                3.3649E-12                9.0832E-12                1.3002E-16                1.3002E-13       
        7.0328E+02                1.4220E-01                2.0410E-12                4.8345E-12                1.0119E-17                1.0119E-14       
        8.3083E+02                1.2036E-01                1.2379E-12                2.5781E-12                3.4935E-19                3.4935E-16       
        9.8151E+02                1.0189E-01                7.5083E-13                1.3887E-12                3.8808E-21                3.8808E-18       
        1.1595E+03                8.6249E-02                4.5540E-13                7.5735E-13                8.8619E-24                8.8619E-21       
        1.3698E+03                7.3008E-02                2.7622E-13                4.1762E-13                2.2240E-27                2.2240E-24       
        1.6182E+03                6.1797E-02                1.6753E-13                2.3294E-13                2.5590E-32                2.5590E-29       
        1.9117E+03                5.2311E-02                1.0162E-13                1.3141E-13                3.9883E-39                3.9883E-36       
        2.1037E+03                4.7538E-02                7.6258E-14                9.5113E-14                3.7201E-44                3.7201E-41       
        2.1037E+03                4.7538E-02                7.6258E-14                9.5113E-14                3.7201E-44                3.7201E-41       
        2.3799E+03                4.2021E-02                5.2668E-14                6.3307E-14                0.0000E+00                0.0000E+00       
        2.6924E+03                3.7142E-02                3.6376E-14                4.2360E-14                0.0000E+00                0.0000E+00       
        3.1807E+03                3.1441E-02                2.2063E-14                2.4757E-14                0.0000E+00                0.0000E+00       
        3.7575E+03                2.6615E-02                1.3382E-14                1.4573E-14                0.0000E+00                0.0000E+00       
        4.4390E+03                2.2529E-02                8.1166E-15                8.6377E-15                0.0000E+00                0.0000E+00       
        5.2441E+03                1.9069E-02                4.9229E-15                5.1492E-15                0.0000E+00                0.0000E+00       
        6.1951E+03                1.6142E-02                2.9859E-15                3.0836E-15                0.0000E+00                0.0000E+00       
        7.3187E+03                1.3665E-02                1.8111E-15                1.8531E-15                0.0000E+00                0.0000E+00       
        8.6460E+03                1.1567E-02                1.0985E-15                1.1165E-15                0.0000E+00                0.0000E+00       
        1.0214E+04                9.7907E-03                6.6625E-16                6.7391E-16                0.0000E+00                0.0000E+00       
        1.2066E+04                8.2877E-03                4.0410E-16                4.0734E-16                0.0000E+00                0.0000E+00       
        1.4255E+04                7.0156E-03                2.4510E-16                2.4646E-16                0.0000E+00                0.0000E+00       
        1.6840E+04                5.9386E-03                1.4866E-16                1.4923E-16                0.0000E+00                0.0000E+00       
        1.9894E+04                5.0267E-03                9.0167E-17                9.0402E-17                0.0000E+00                0.0000E+00       
        2.3502E+04                4.2550E-03                5.4689E-17                5.4786E-17                0.0000E+00                0.0000E+00       
        2.7765E+04                3.6019E-03                3.3171E-17                3.3211E-17                0.0000E+00                0.0000E+00       
        3.2800E+04                3.0490E-03                2.0119E-17                2.0135E-17                0.0000E+00                0.0000E+00       
        3.8749E+04                2.5808E-03                1.2203E-17                1.2210E-17                0.0000E+00                0.0000E+00       
        4.5776E+04                2.1846E-03                7.4014E-18                7.4041E-18                0.0000E+00                0.0000E+00       
        5.4078E+04                1.8493E-03                4.4891E-18                4.4903E-18                0.0000E+00                0.0000E+00       
        6.3886E+04                1.5654E-03                2.7228E-18                2.7233E-18                0.0000E+00                0.0000E+00       
        7.5472E+04                1.3251E-03                1.6515E-18                1.6517E-18                0.0000E+00                0.0000E+00       
        8.9160E+04                1.1216E-03                1.0017E-18                1.0017E-18                0.0000E+00                0.0000E+00       
        1.0533E+05                9.4945E-04                6.0754E-19                6.0757E-19                0.0000E+00                0.0000E+00       
        1.2443E+05                8.0370E-04                3.6849E-19                3.6850E-19                0.0000E+00                0.0000E+00       
        1.4700E+05                6.8031E-04                2.2350E-19                2.2351E-19                0.0000E+00                0.0000E+00       
        1.7366E+05                5.7584E-04                1.3556E-19                1.3556E-19                0.0000E+00                0.0000E+00       
        2.0515E+05                4.8746E-04                8.2222E-20                8.2222E-20                0.0000E+00                0.0000E+00       
        2.4236E+05                4.1263E-04                4.9870E-20                4.9870E-20                0.0000E+00                0.0000E+00       
        2.8632E+05                3.4928E-04                3.0248E-20                3.0248E-20                0.0000E+00                0.0000E+00       
        3.3824E+05                2.9565E-04                1.8346E-20                1.8346E-20                0.0000E+00                0.0000E+00       
        3.9959E+05                2.5027E-04                1.1127E-20                1.1128E-20                0.0000E+00                0.0000E+00       
        4.7205E+05                2.1185E-04                6.7492E-21                6.7492E-21                0.0000E+00                0.0000E+00       
        5.5767E+05                1.7933E-04                4.0936E-21                4.0936E-21                0.0000E+00                0.0000E+00       
        6.5881E+05                1.5179E-04                2.4829E-21                2.4829E-21                0.0000E+00                0.0000E+00       
        7.7829E+05                1.2849E-04                1.5059E-21                1.5059E-21                0.0000E+00                0.0000E+00       
        9.1944E+05                1.0877E-04                9.1340E-22                9.1340E-22                0.0000E+00                0.0000E+00       
        1.0862E+06                9.2071E-05                5.5400E-22                5.5400E-22                0.0000E+00                0.0000E+00       
        1.2832E+06                7.7934E-05                3.3602E-22                3.3602E-22                0.0000E+00                0.0000E+00       
        1.5159E+06                6.5969E-05                2.0381E-22                2.0381E-22                0.0000E+00                0.0000E+00       
        1.7908E+06                5.5844E-05                1.2362E-22                1.2362E-22                0.0000E+00                0.0000E+00       
        2.1156E+06                4.7271E-05                7.4976E-23                7.4976E-23                0.0000E+00                0.0000E+00       
        2.4993E+06                4.0013E-05                4.5475E-23                4.5475E-23                0.0000E+00                0.0000E+00       
        2.9526E+06                3.3869E-05                2.7582E-23                2.7582E-23                0.0000E+00                0.0000E+00       
        3.4880E+06                2.8671E-05                1.6729E-23                1.6729E-23                0.0000E+00                0.0000E+00       
        4.1206E+06                2.4270E-05                1.0147E-23                1.0147E-23                0.0000E+00                0.0000E+00       
        4.8680E+06                2.0544E-05                6.1544E-24                6.1544E-24                0.0000E+00                0.0000E+00       
        5.7508E+06                1.7389E-05                3.7329E-24                3.7329E-24                0.0000E+00                0.0000E+00       
        6.7938E+06                1.4720E-05                2.2641E-24                2.2641E-24                0.0000E+00                0.0000E+00       
        8.0259E+06                1.2460E-05                1.3732E-24                1.3732E-24                0.0000E+00                0.0000E+00       
        9.4815E+06                1.0547E-05                8.3291E-25                8.3291E-25                0.0000E+00                0.0000E+00       
#-------------
